1.000000000 -0.000000000 0.000000000 0.000000000 -0.000000000 1.000000000 0.000000000 -0.000000000 0.000000000 0.000000000 1.000000000 0.000000000
0.999991238 -0.002475894 -0.003371685 -0.002500652 0.002468479 0.999994516 -0.002201701 -0.005210429 0.003377118 0.002193359 0.999991894 0.666768074
0.999971867 -0.001452602 -0.007366030 -0.013082509 0.001425716 0.999992251 -0.003653936 -0.008872582 0.007371279 0.003643331 0.999966145 1.363146424
0.999936581 -0.001211555 -0.011192185 -0.028108010 0.001153385 0.999985754 -0.005202349 -0.009582785 0.011198331 0.005189111 0.999923825 2.064085245
0.999871910 0.000114226 -0.015999641 -0.049389098 -0.000209855 0.999982059 -0.005975431 -0.012500563 0.015998675 0.005978023 0.999854147 2.790100336
0.999790072 -0.000859004 -0.020477310 -0.062827572 0.000734840 0.999981344 -0.006070253 -0.023152784 0.020482142 0.006053930 0.999771893 3.531763554
0.999687672 0.000905070 -0.024973933 -0.088470474 -0.001088762 0.999972463 -0.007342732 -0.027198419 0.024966601 0.007367629 0.999661148 4.287195683
0.999552488 0.003535652 -0.029703017 -0.120166391 -0.003771756 0.999961734 -0.007896557 -0.039437287 0.029673956 0.008005058 0.999527693 5.051681995
0.999412537 0.004106790 -0.034024782 -0.152896985 -0.004323445 0.999970853 -0.006296401 -0.046551611 0.033997931 0.006439808 0.999401152 5.836430073
0.999245882 0.003310909 -0.038687315 -0.184822172 -0.003455817 0.999987304 -0.003679329 -0.055535208 0.038674634 0.003810250 0.999244571 6.637374401
0.999118090 0.003035800 -0.041878615 -0.221425295 -0.003075368 0.999994874 -0.000880439 -0.066239700 0.041875731 0.001008454 0.999122322 7.447096348
0.999008298 0.004396007 -0.044306863 -0.266519219 -0.004463809 0.999989033 -0.001431447 -0.075146578 0.044300083 0.001627805 0.999016941 8.261565208
0.998920083 0.003844244 -0.046301953 -0.314124733 -0.003924229 0.999991000 -0.001636699 -0.080766238 0.046295233 0.001816631 0.998926103 9.080435753
0.998837054 0.001154256 -0.048200190 -0.349859267 -0.001277510 0.999995947 -0.002526408 -0.085218817 0.048197076 0.002585046 0.998834431 9.919692993
0.998723388 0.000835902 -0.050507311 -0.391156286 -0.000923788 0.999998152 -0.001716754 -0.092457674 0.050505780 0.001761220 0.998722255 10.761261940
0.998658597 -0.000672538 -0.051773623 -0.441468656 0.000560673 0.999997497 -0.002175149 -0.098821096 0.051774956 0.002143204 0.998656452 11.603984833
0.998571754 0.001664600 -0.053400006 -0.497560740 -0.001898262 0.999988794 -0.004325274 -0.110444844 0.053392209 0.004420464 0.998563766 12.461386681
0.998485863 0.001775239 -0.054981042 -0.545577466 -0.002162874 0.999973238 -0.006991646 -0.117492288 0.054967146 0.007099977 0.998462915 13.341001511
0.998381376 0.005677902 -0.056590915 -0.604296088 -0.006179710 0.999943137 -0.008696240 -0.128615320 0.056538310 0.009031879 0.998359561 14.217559814
0.998305559 0.006609144 -0.057814021 -0.657826126 -0.007109865 0.999938905 -0.008459450 -0.139763743 0.057754584 0.008856164 0.998291552 15.107746124
0.998229623 0.005669325 -0.059206851 -0.714226484 -0.006069608 0.999959946 -0.006583122 -0.158730805 0.059167154 0.006930830 0.998224020 15.998087883
0.998161018 0.006344145 -0.060285080 -0.777367055 -0.006663484 0.999964833 -0.005097589 -0.171335116 0.060250614 0.005489922 0.998168170 16.896650314
0.998108864 0.005884137 -0.061188698 -0.837683618 -0.006214573 0.999967098 -0.005211388 -0.185167640 0.061156020 0.005581793 0.998112559 17.800691605
0.997987330 0.005960136 -0.063133299 -0.894511819 -0.006339369 0.999963105 -0.005808291 -0.201282442 0.063096344 0.006196828 0.997988224 18.711385727
0.997929752 0.004431077 -0.064161696 -0.957114816 -0.004842129 0.999968648 -0.006252412 -0.215718299 0.064131983 0.006550146 0.997919977 19.623806000
0.997897804 0.004136485 -0.064675249 -1.015913010 -0.004447597 0.999979138 -0.004667124 -0.225868672 0.064654611 0.004944962 0.997895479 20.543889999
0.997899592 0.006214962 -0.064479783 -1.082912207 -0.006333218 0.999978602 -0.001629778 -0.234883115 0.064468257 0.002034720 0.997917593 21.465141296
0.997956395 0.007405078 -0.063467644 -1.146798968 -0.007283556 0.999971092 0.002145870 -0.245758757 0.063481703 -0.001679215 0.997981548 22.397552490
0.998070359 0.006303890 -0.061770812 -1.210905075 -0.006009861 0.999969721 0.004944636 -0.251922160 0.061800096 -0.004563861 0.998078048 23.331178665
0.998149753 0.006300983 -0.060475856 -1.263859987 -0.005963379 0.999965608 0.005761296 -0.257305354 0.060510080 -0.005389995 0.998152971 24.274381638
0.998228490 0.006733571 -0.059114788 -1.320656419 -0.006568205 0.999973953 0.002991205 -0.265498310 0.059133384 -0.002597627 0.998246670 25.220556259
0.998275816 0.007340475 -0.058235656 -1.379354239 -0.007459412 0.999970555 -0.001825241 -0.272042125 0.058220539 0.002256498 0.998301208 26.160589218
0.998339891 0.007299429 -0.057132784 -1.432657361 -0.007586430 0.999959648 -0.004808120 -0.283330679 0.057095375 0.005233573 0.998354971 27.111852646
0.998381793 0.004694635 -0.056671780 -1.482522964 -0.004933763 0.999979496 -0.004080354 -0.290817767 0.056651451 0.004353357 0.998384476 28.070610046
0.998401105 0.002994115 -0.056447189 -1.545490980 -0.002933482 0.999994993 0.001156987 -0.305728912 0.056450374 -0.000989549 0.998404860 29.043216705
0.998361826 -0.000612485 -0.057212617 -1.598194003 0.000881301 0.999988675 0.004673441 -0.316396832 0.057209104 -0.004716206 0.998351038 30.004776001
0.998265266 -0.008097203 -0.058318060 -1.647474527 0.008357400 0.999956191 0.004219175 -0.325002342 0.058281340 -0.004699243 0.998289168 30.980525970
0.998157322 -0.010500154 -0.059763938 -1.700220108 0.010534745 0.999944389 0.000263710 -0.330031157 0.059757855 -0.000892822 0.998212457 31.944190979
0.998076499 -0.010220583 -0.061146360 -1.764223695 0.010008163 0.999942780 -0.003779186 -0.337290227 0.061181482 0.003159954 0.998121679 32.919952393
0.997987688 -0.008628321 -0.062818885 -1.839055181 0.008358940 0.999954641 -0.004549797 -0.347287238 0.062855296 0.004015542 0.998014629 33.902118683
0.997920752 -0.008941155 -0.063830122 -1.892483234 0.008771899 0.999957204 -0.002931446 -0.365752518 0.063853599 0.002365439 0.997956455 34.876163483
0.997851729 -0.006093358 -0.065228693 -1.961124420 0.006103734 0.999981463 -0.000040200 -0.379644603 0.065227725 -0.000358024 0.997870266 35.876487732
0.997770011 -0.005955195 -0.066479839 -2.029764414 0.006057136 0.999980748 0.001331967 -0.392420262 0.066470623 -0.001731675 0.997786820 36.862773895
0.997714102 -0.004714142 -0.067412116 -2.100493431 0.004986230 0.999980032 0.003868509 -0.401742458 0.067392528 -0.004195798 0.997717738 37.837047577
0.997732341 -0.004635484 -0.067146383 -2.167424202 0.005112343 0.999962866 0.006931680 -0.411511302 0.067111768 -0.007259237 0.997719049 38.822864532
0.997704566 0.000898872 -0.067711778 -2.245165110 -0.000280250 0.999958158 0.009145061 -0.413167596 0.067717142 -0.009105093 0.997663021 39.808135986
0.997691035 0.001213541 -0.067904867 -2.321084499 -0.000645967 0.999964654 0.008379692 -0.416229099 0.067912631 -0.008316478 0.997656643 40.800807953
0.997695684 0.001623664 -0.067828849 -2.382158518 -0.001153357 0.999974966 0.006972318 -0.429757208 0.067838490 -0.006878020 0.997672617 41.786685944
0.997693777 0.004007174 -0.067758247 -2.463123083 -0.003693257 0.999981821 0.004757537 -0.435377240 0.067776076 -0.004496316 0.997690439 42.778209686
0.997636557 0.003408367 -0.068627931 -2.535876513 -0.003084006 0.999983490 0.004831763 -0.441675663 0.068643264 -0.004608694 0.997630596 43.768493652
0.997561753 0.001698441 -0.069768906 -2.601282597 -0.001299865 0.999982536 0.005757801 -0.448960811 0.069777481 -0.005653072 0.997546554 44.752872467
0.997512996 0.001991821 -0.070453733 -2.674365759 -0.001525662 0.999976635 0.006669725 -0.454406798 0.070465371 -0.006545649 0.997492790 45.739097595
0.997499406 0.004669955 -0.070520826 -2.756452084 -0.004457722 0.999985099 0.003166587 -0.466978014 0.070534542 -0.002844307 0.997505248 46.712429047
0.997418284 0.005104102 -0.071629025 -2.830797672 -0.005191288 0.999986053 -0.001031078 -0.476327419 0.071622752 0.001400264 0.997430861 47.676868439
0.997342229 0.005717548 -0.072634190 -2.885618925 -0.005878558 0.999980748 -0.002003142 -0.484768093 0.072621338 0.002424802 0.997356653 48.633560181
0.997339189 0.004577735 -0.072755776 -2.958752632 -0.004459406 0.999988437 0.001788754 -0.499542892 0.072763130 -0.001459547 0.997348249 49.615505219
0.997362375 0.002712892 -0.072530851 -3.034940243 -0.002379482 0.999986172 0.004682825 -0.509163558 0.072542548 -0.004497888 0.997355223 50.583190918
0.997320652 0.000221865 -0.073152684 -3.095215797 0.000175158 0.999985278 0.005420869 -0.517203808 0.073152788 -0.005419159 0.997305989 51.535232544
0.997280478 -0.002959196 -0.073639885 -3.163345337 0.003265531 0.999986470 0.004039861 -0.524866521 0.073626921 -0.004269348 0.997276723 52.494235992
0.997251570 -0.005872685 -0.073856533 -3.232029438 0.006113011 0.999976754 0.003028338 -0.536845744 0.073837034 -0.003471501 0.997264206 53.444606781
0.997189045 -0.007191232 -0.074582040 -3.308992386 0.007519486 0.999963224 0.004121368 -0.545805693 0.074549690 -0.004670601 0.997206330 54.401248932
0.997073352 -0.010532024 -0.075722024 -3.380801201 0.011191214 0.999903023 0.008286331 -0.551841795 0.075627416 -0.009109503 0.997094572 55.355705261
0.996978223 -0.011054244 -0.076890171 -3.440307617 0.012094724 0.999841332 0.013079556 -0.553126931 0.076733381 -0.013970001 0.996953905 56.292480469
0.996962368 -0.009103095 -0.077350870 -3.521265984 0.010293641 0.999834418 0.015006746 -0.551966310 0.077201433 -0.015757382 0.996890962 57.239517212
0.996863723 -0.007994482 -0.078732982 -3.599810123 0.008889660 0.999899685 0.011025873 -0.555401862 0.078636937 -0.011691201 0.996834755 58.170135498
0.996777415 -0.006198926 -0.079977572 -3.678665161 0.006481549 0.999973595 0.003274657 -0.561245561 0.079955161 -0.003782481 0.996791363 59.083614349
0.996703386 -0.004678688 -0.080995969 -3.755535126 0.004592414 0.999988616 -0.001251416 -0.575138807 0.081000902 0.000875324 0.996713638 60.000957489
0.996681154 0.000645193 -0.081402227 -3.845981121 -0.000677252 0.999999702 -0.000366215 -0.587219119 0.081401967 0.000420129 0.996681273 60.900066376
0.996547937 0.003031770 -0.082963869 -3.927742243 -0.002869109 0.999993622 0.002079779 -0.600878119 0.082969658 -0.001834568 0.996550322 61.799976349
0.996453345 0.005784106 -0.083948791 -4.003086567 -0.005524273 0.999979198 0.003327096 -0.614307761 0.083966300 -0.002851540 0.996464431 62.680553436
0.996359885 0.006508511 -0.084998570 -4.082878113 -0.006263665 0.999975383 0.003146958 -0.624433458 0.085016973 -0.002603101 0.996376038 63.545341492
0.996215940 0.007918669 -0.086551510 -4.162051201 -0.007592528 0.999962747 0.004096727 -0.635565162 0.086580738 -0.003424079 0.996238887 64.395812988
0.996074438 0.008991739 -0.088062063 -4.240708828 -0.008613241 0.999951959 0.004677114 -0.646939635 0.088099875 -0.003900253 0.996103942 65.237060547
0.995956659 0.008689890 -0.089413375 -4.313769341 -0.008265312 0.999952734 0.005117618 -0.658342421 0.089453623 -0.004357897 0.995981455 66.051803589
0.995848179 0.008347234 -0.090645246 -4.389144421 -0.007824442 0.999950647 0.006121261 -0.664165616 0.090691857 -0.005386597 0.995864451 66.859497070
0.995691180 0.011361265 -0.092032798 -4.464401245 -0.010584874 0.999904156 0.008919790 -0.674533665 0.092125319 -0.007907202 0.995715976 67.651153564
0.995556951 0.013175160 -0.093234614 -4.545497894 -0.012005845 0.999842167 0.013091490 -0.681396186 0.093392365 -0.011913965 0.995558083 68.439270020
0.995372117 0.016080601 -0.094739191 -4.631679058 -0.014745700 0.999782085 0.014773570 -0.685205936 0.094956100 -0.013308206 0.995392501 69.218238831
0.995205760 0.018930716 -0.095952839 -4.712039471 -0.017988553 0.999781191 0.010674641 -0.692635000 0.096133918 -0.008897415 0.995328605 69.967468262
0.995046020 0.018798672 -0.097621523 -4.781116009 -0.018545059 0.999821842 0.003504711 -0.703901052 0.097669996 -0.001676952 0.995217443 70.689712524
0.994903922 0.017973650 -0.099212430 -4.852071762 -0.018289048 0.999830127 -0.002270385 -0.710572720 0.099154763 0.004073316 0.995063663 71.397087097
0.994868875 0.018799907 -0.099410437 -4.930495739 -0.019266997 0.999807358 -0.003740602 -0.715017319 0.099320941 0.005636748 0.995039463 72.089721680
0.994733572 0.021291489 -0.100258589 -5.005723000 -0.021399707 0.999770939 -0.000003938 -0.726456106 0.100235552 0.002149422 0.994961381 72.764938354
0.994588554 0.021821149 -0.101574525 -5.077528954 -0.021706246 0.999761879 0.002236473 -0.742017508 0.101599149 -0.000019568 0.994825363 73.417778015
0.994560719 0.018655064 -0.102474652 -5.144104958 -0.018853750 0.999821782 -0.000970563 -0.755028486 0.102438286 0.002897315 0.994735062 74.048095703
0.994668543 0.010320416 -0.102605738 -5.196366310 -0.011004464 0.999920845 -0.006102914 -0.770617902 0.102534629 0.007199499 0.994703293 74.663124084
0.994822443 0.006347941 -0.101430215 -5.253497124 -0.007501675 0.999911427 -0.010997264 -0.776824355 0.101351410 0.011701221 0.994781792 75.259849548
0.995099306 0.008763874 -0.098490708 -5.310289383 -0.009940524 0.999884963 -0.011462437 -0.786349058 0.098378897 0.012385312 0.995071948 75.841171265
0.995440662 0.013597773 -0.094408460 -5.373027325 -0.014421882 0.999863565 -0.008052350 -0.807938516 0.094286069 0.009377184 0.995500982 76.409446716
0.995870292 0.011966017 -0.089995913 -5.420212746 -0.012457013 0.999910355 -0.004896032 -0.819089532 0.089929268 0.005996891 0.995930076 76.964363098
0.996424794 0.008532206 -0.084052503 -5.459807396 -0.008668171 0.999961674 -0.001252812 -0.823613763 0.084038578 0.001976915 0.996460557 77.510803223
0.997122765 0.004030677 -0.075697049 -5.492999077 -0.003851558 0.999989390 0.002512077 -0.841680408 0.075706378 -0.002213296 0.997127771 78.038940430
0.997838974 0.007625922 -0.065261707 -5.519315720 -0.007478722 0.999968946 0.002499528 -0.852068305 0.065278716 -0.002006053 0.997865200 78.557342529
0.998667240 0.012761096 -0.050008222 -5.548087120 -0.012682253 0.999917805 0.001893585 -0.858443260 0.050028279 -0.001256845 0.998747051 79.062026978
0.999330044 0.017835770 -0.031956792 -5.563334465 -0.017772077 0.999839544 0.002276046 -0.863035619 0.031992257 -0.001706582 0.999486625 79.554275513
0.999818206 0.016430235 -0.009665869 -5.556311607 -0.016403364 0.999861360 0.002852542 -0.869750023 0.009711388 -0.002693471 0.999949217 80.036437988
0.999780297 0.013030310 0.016416330 -5.524264336 -0.013093971 0.999907136 0.003776285 -0.877812505 -0.016365601 -0.003990411 0.999858141 80.492721558
0.998874843 0.011935354 0.045897700 -5.480302811 -0.012196743 0.999910891 0.005419160 -0.888511181 -0.045828931 -0.005972865 0.998931527 80.943977356
0.996790111 0.011513132 0.079227298 -5.427947044 -0.012098255 0.999902844 0.006909294 -0.896507859 -0.079140067 -0.007845629 0.996832609 81.398117065
0.993114293 0.011576107 0.116576008 -5.347898483 -0.012491276 0.999896586 0.007122861 -0.899674118 -0.116481498 -0.008529998 0.993156254 81.841529846
0.987327576 0.011406249 0.158285096 -5.264032364 -0.012684236 0.999894559 0.007066035 -0.905921400 -0.158187851 -0.008984217 0.987368107 82.244361877
0.979054928 0.011044323 0.203296542 -5.148269653 -0.012670640 0.999897242 0.006699886 -0.910008013 -0.203201652 -0.009135453 0.979094267 82.658248901
0.967574477 0.013360787 0.252232045 -5.012481689 -0.014995624 0.999877155 0.004560228 -0.918332696 -0.252140164 -0.008194738 0.967655957 83.062278748
0.952080488 0.014249417 0.305515230 -4.858732224 -0.015496930 0.999878526 0.001658302 -0.927535534 -0.305454552 -0.006313386 0.952185690 83.448120117
0.932323575 0.014611147 0.361329943 -4.681669235 -0.015373237 0.999881506 -0.000765469 -0.932366014 -0.361298352 -0.004841147 0.932437658 83.814781189
0.908116221 0.015058827 0.418447226 -4.492681503 -0.015350879 0.999878585 -0.002668475 -0.937750936 -0.418436736 -0.004000248 0.908237100 84.140983582
0.879044831 0.015349310 0.476491958 -4.275360107 -0.014776989 0.999878526 -0.004948271 -0.942030549 -0.476510137 -0.002691364 0.879164815 84.466735840
0.845494628 0.014228589 0.533794224 -4.031543732 -0.012307862 0.999898672 -0.007158033 -0.949982643 -0.533842027 -0.000517786 0.845584095 84.775695801
0.808592081 0.014006600 0.588202834 -3.771091461 -0.010732070 0.999901414 -0.009057001 -0.954850078 -0.588271797 0.001010785 0.808662713 85.063690186
0.768560112 0.012608790 0.639653206 -3.494594574 -0.009632767 0.999920487 -0.008136325 -0.965780497 -0.639704943 0.000091623 0.768620551 85.333770752
0.725862265 0.012079174 0.687734127 -3.203506470 -0.010949831 0.999921978 -0.006005467 -0.975146472 -0.687752962 -0.003171430 0.725937963 85.582756042
0.682342231 0.010677684 0.730954885 -2.900634766 -0.009241967 0.999939382 -0.005979649 -0.981079698 -0.730974495 -0.002675295 0.682399511 85.772705078
0.635799348 0.009353324 0.771797717 -2.580410004 -0.005915587 0.999956250 -0.007245147 -0.989005804 -0.771831691 0.000040822 0.635826945 85.978149414
0.589096427 0.006769758 0.808034360 -2.247497559 0.000014639 0.999964714 -0.008388435 -0.995714903 -0.808062792 0.004953426 0.589075446 86.157646179
0.542549729 0.008801099 0.839977562 -1.912216187 -0.001938376 0.999955475 -0.009225297 -1.007434487 -0.840021491 0.003376990 0.542542696 86.324989319
0.495166004 0.011811223 0.868718088 -1.576595306 -0.005574987 0.999930143 -0.010417482 -1.016849995 -0.868780494 0.000315291 0.495197237 86.484565735
0.450038314 0.014112051 0.892897725 -1.231342316 -0.005936199 0.999900281 -0.012811240 -1.023251772 -0.892989576 0.000465129 0.450077116 86.617919922
0.405767024 0.011277778 0.913906932 -0.888774872 0.001036368 0.999917507 -0.012799301 -1.037135243 -0.913976014 0.006140678 0.405721784 86.753387451
0.366189629 0.003578506 0.930533350 -0.520040512 0.015959507 0.999821305 -0.010125454 -1.043069482 -0.930403411 0.018558692 0.366067082 86.841415405
0.331054330 0.000106620 0.943611741 -0.150941849 0.020403735 0.999765337 -0.007271360 -1.045804858 -0.943391085 0.021660419 0.330974519 86.929267883
0.297976762 0.004144455 0.954564214 0.214290619 0.017872471 0.999790967 -0.009919891 -1.053894997 -0.954405785 0.020016318 0.297840446 87.023002625
0.267061234 0.011609529 0.963609636 0.582609177 0.007209728 0.999875307 -0.014044609 -1.070378900 -0.963652670 0.010698134 0.266944230 87.121383667
0.238062650 0.016238682 0.971114039 0.962829590 0.002210858 0.999848485 -0.017261147 -1.086360693 -0.971247256 0.006256230 0.237990692 87.216255188
0.212327868 0.017816192 0.977036119 1.353853226 0.003595445 0.999812663 -0.019012883 -1.101914644 -0.977191985 0.007549843 0.212224036 87.281272888
0.188761815 0.019359585 0.981832027 1.759723663 0.010681221 0.999706030 -0.021765536 -1.111993790 -0.981964827 0.014595669 0.188499540 87.334693909
0.168956533 0.025333576 0.985297918 2.172126770 0.017738326 0.999429464 -0.028738651 -1.115808606 -0.985463917 0.022333119 0.168410823 87.374572754
0.149184406 0.032478865 0.988275826 2.599331856 0.019917831 0.999158978 -0.035843201 -1.112148046 -0.988608778 0.025031563 0.148412019 87.426811218
0.131616056 0.033024568 0.990750551 3.037686348 0.017651809 0.999208272 -0.035651438 -1.126938343 -0.991143703 0.022180839 0.130928904 87.479690552
0.116416022 0.028813029 0.992782474 3.497741699 0.015622167 0.999402285 -0.030837039 -1.150985479 -0.993077695 0.019099336 0.115896329 87.525970459
0.101412535 0.025546201 0.994516373 3.970363617 0.015544329 0.999507487 -0.027259484 -1.173032165 -0.994722962 0.018223543 0.100965515 87.574974060
0.088445760 0.023155861 0.995811760 4.459978580 0.018574515 0.999517500 -0.024891783 -1.188956738 -0.995907903 0.020698287 0.087972976 87.606117249
0.076854557 0.022540379 0.996787548 4.955677986 0.022388961 0.999453306 -0.024326904 -1.202528477 -0.996790946 0.024186667 0.076307878 87.630653381
0.066662751 0.023089640 0.997508407 5.469589233 0.025370335 0.999369681 -0.024828209 -1.219670892 -0.997452915 0.026962236 0.066034943 87.657539368
0.058829285 0.023655683 0.997987688 6.002057076 0.027799018 0.999292612 -0.025325309 -1.233293772 -0.997880936 0.029232947 0.058130052 87.682258606
0.053151939 0.023946568 0.998299301 6.551294327 0.029384427 0.999241948 -0.025533682 -1.251068234 -0.998153985 0.030691616 0.052407995 87.705154419
0.047756907 0.024905937 0.998548388 7.111237526 0.030726245 0.999179244 -0.026391195 -1.267752290 -0.998386204 0.031941999 0.046952445 87.724563599
0.041929800 0.025635689 0.998791635 7.693737507 0.031209029 0.999149263 -0.026955042 -1.284993887 -0.998632967 0.032301538 0.041094065 87.744552612
0.037216399 0.025586555 0.998979568 8.300973892 0.033668462 0.999072552 -0.026843231 -1.303783894 -0.998739839 0.034633100 0.036320414 87.764144897
0.034426343 0.025643785 0.999078155 8.923742294 0.034822147 0.999033093 -0.026842525 -1.321796536 -0.998800337 0.035714138 0.033500083 87.779045105
0.031513270 0.025046086 0.999189436 9.563723564 0.036058132 0.999006748 -0.026178734 -1.343842387 -0.998852670 0.036853880 0.030578848 87.793418884
0.029031191 0.024446409 0.999279559 10.220671654 0.038252659 0.998941422 -0.025549458 -1.364493608 -0.998846292 0.038966820 0.028065316 87.811561584
0.028408099 0.024024917 0.999307573 10.897430420 0.042441934 0.998780608 -0.025218774 -1.383846164 -0.998694956 0.043128967 0.027353797 87.821350098
0.029558584 0.023670444 0.999282777 11.587476730 0.045946252 0.998630643 -0.025014080 -1.402230740 -0.998506546 0.046652671 0.028430542 87.836486816
0.032016952 0.023548309 0.999209821 12.293106079 0.047752917 0.998544693 -0.025062745 -1.423437715 -0.998345912 0.048517618 0.030845856 87.858428955
0.035744019 0.023610180 0.999082088 13.022825241 0.050072700 0.998422861 -0.025386047 -1.446966887 -0.998105705 0.050934128 0.034505423 87.882881165
0.040255021 0.022929279 0.998926401 13.767805099 0.050570015 0.998408616 -0.024955282 -1.469593883 -0.997908890 0.051520295 0.039031431 87.911743164
0.044324949 0.021460237 0.998786747 14.525023460 0.052143712 0.998356879 -0.023765070 -1.489248753 -0.997655332 0.053133834 0.043133095 87.945999146
0.048234787 0.020047609 0.998634875 15.290581703 0.051635616 0.998411655 -0.022537163 -1.509737015 -0.997500420 0.052652203 0.047123004 87.988693237
0.052261028 0.017751589 0.998475671 16.077329636 0.048778828 0.998603046 -0.020306978 -1.533526540 -0.997441411 0.049765740 0.051322121 88.032295227
0.055901702 0.016794182 0.998295009 16.871263504 0.048154086 0.998649597 -0.019496636 -1.553958416 -0.997274339 0.049161877 0.055017505 88.091117859
0.060015664 0.017646397 0.998041391 17.676244736 0.045412656 0.998760104 -0.020389924 -1.576710224 -0.997163832 0.046547424 0.059139892 88.148033142
0.063350067 0.021677962 0.997755885 18.471427917 0.042948108 0.998778522 -0.024427058 -1.605877280 -0.997066796 0.044399183 0.062341660 88.193244934
0.064838678 0.027109135 0.997527480 19.272205353 0.037150890 0.998872340 -0.029560467 -1.629275322 -0.997204006 0.038975697 0.063758433 88.252883911
0.064448602 0.030246841 0.997462511 20.081596375 0.034408092 0.998878777 -0.032512974 -1.658816338 -0.997327685 0.036416199 0.063335620 88.316322327
0.064628318 0.029676426 0.997467995 20.903913498 0.031975344 0.998982787 -0.031793248 -1.695811868 -0.997396886 0.033949137 0.063613661 88.376235962
0.064523235 0.027769394 0.997529745 21.718091965 0.028930599 0.999140441 -0.029685549 -1.732420921 -0.997496665 0.030774545 0.063664384 88.439254761
0.064452425 0.026795389 0.997561038 22.535947800 0.029946206 0.999137282 -0.028772553 -1.762137055 -0.997471273 0.031727627 0.063594386 88.493927002
0.064837061 0.025544865 0.997568905 23.354688644 0.027711527 0.999240696 -0.027388787 -1.804166079 -0.997511029 0.029419972 0.064079948 88.555458069
0.064960308 0.026086425 0.997546792 24.174510956 0.025652627 0.999284327 -0.027802356 -1.839944720 -0.997558057 0.027395744 0.064244635 88.610511780
0.064844161 0.026773432 0.997536123 24.985733032 0.022671917 0.999342442 -0.028295685 -1.873273134 -0.997637749 0.024450868 0.064194508 88.671348572
0.063621670 0.027986262 0.997581601 25.796504974 0.019719359 0.999376178 -0.029294230 -1.909322739 -0.997779250 0.021535411 0.063030124 88.732284546
0.060645994 0.027793750 0.997772396 26.613182068 0.016522825 0.999447286 -0.028844692 -1.941876411 -0.998022556 0.018235330 0.060153246 88.792739868
0.056862239 0.026736693 0.998023927 27.420557022 0.014302890 0.999516845 -0.027591594 -1.971586466 -0.998279512 0.015843548 0.056452367 88.838401794
0.052290991 0.024146214 0.998339951 28.234127045 0.012511370 0.999613285 -0.024832333 -2.004183292 -0.998553514 0.013789108 0.051968675 88.883056641
0.046041701 0.022010785 0.998696923 29.043487549 0.010312031 0.999693394 -0.022508146 -2.036401749 -0.998886287 0.011334907 0.045800619 88.924293518
0.038551297 0.022457816 0.999004245 29.850751877 0.010213478 0.999686360 -0.022867288 -2.065204620 -0.999204576 0.011084871 0.038309824 88.956047058
0.030006863 0.023242362 0.999279439 30.651948929 0.010219163 0.999670386 -0.023558319 -2.094435453 -0.999497473 0.010918711 0.029759448 88.979637146
0.020040877 0.023532417 0.999522209 31.456624985 0.010997912 0.999657273 -0.023756115 -2.122414112 -0.999738693 0.011468750 0.019775195 88.996826172
0.009650674 0.022641484 0.999697030 32.248313904 0.011947620 0.999669611 -0.022756198 -2.153808117 -0.999882042 0.012163615 0.009376976 89.003059387
-0.001391699 0.021436641 0.999769151 33.041996002 0.010660077 0.999713659 -0.021420609 -2.186401844 -0.999942183 0.010627805 -0.001619817 89.006752014
-0.012448126 0.020977024 0.999702334 33.829143524 0.012233976 0.999708235 -0.020824809 -2.211786270 -0.999847651 0.011971105 -0.012701127 88.993331909
-0.023416305 0.021486867 0.999494791 34.611225128 0.012661835 0.999695182 -0.021194527 -2.236148357 -0.999645591 0.012159140 -0.023681227 88.975975037
-0.034522500 0.022235679 0.999156535 35.389564514 0.012713280 0.999681354 -0.021808093 -2.262194872 -0.999322951 0.011949686 -0.034794189 88.948402405
-0.044870846 0.023165856 0.998724163 36.163814545 0.012218388 0.999669135 -0.022638820 -2.291336060 -0.998918176 0.011186976 -0.045139041 88.906814575
-0.055217437 0.024253609 0.998179793 36.927619934 0.012712684 0.999641001 -0.023585867 -2.316506863 -0.998393416 0.011387194 -0.055505939 88.864128113
-0.065015666 0.025132360 0.997567654 37.687477112 0.013705174 0.999610960 -0.024290610 -2.344127655 -0.997790098 0.012092570 -0.065334819 88.813652039
-0.074533872 0.025334919 0.996896565 38.457572937 0.014095172 0.999604046 -0.024349893 -2.378120899 -0.997118831 0.012236537 -0.074861459 88.753334045
-0.083751947 0.025611678 0.996157408 39.195026398 0.014838026 0.999590814 -0.024452446 -2.408913374 -0.996376157 0.012733069 -0.084097721 88.688995361
-0.092399523 0.025031209 0.995407343 39.929592133 0.016025692 0.999591768 -0.023648839 -2.435432434 -0.995593011 0.013766950 -0.092762947 88.617660522
-0.099586666 0.023936346 0.994740963 40.664573669 0.017506048 0.999598026 -0.022300636 -2.465170383 -0.994874835 0.015193135 -0.099965669 88.533378601
-0.104734167 0.022438064 0.994247079 41.386756897 0.020262636 0.999586046 -0.020424087 -2.491576672 -0.994293749 0.018006966 -0.105145462 88.454635620
-0.108494237 0.020885464 0.993877590 42.095775604 0.023665071 0.999550223 -0.018421326 -2.515270710 -0.993815303 0.021521574 -0.108939692 88.370758057
-0.111426309 0.019782469 0.993575752 42.805885315 0.025006726 0.999541223 -0.017096816 -2.536991358 -0.993457973 0.022941044 -0.111869849 88.289260864
-0.113119669 0.018952981 0.993400574 43.490150452 0.025123144 0.999552965 -0.016209561 -2.559562206 -0.993263602 0.023123724 -0.113545254 88.211753845
-0.113800719 0.019361075 0.993314862 44.155765533 0.026408300 0.999515772 -0.016456425 -2.582729816 -0.993152499 0.024359001 -0.114256889 88.132629395
-0.112577997 0.020332519 0.993434787 44.808441162 0.026980381 0.999484539 -0.017398864 -2.604423523 -0.993276477 0.024844516 -0.113068551 88.057945251
-0.109625421 0.022025544 0.993728876 45.433540344 0.028036449 0.999425173 -0.019058894 -2.626779556 -0.993577480 0.025771286 -0.110179923 87.992118835
-0.104619339 0.022494014 0.994257867 46.066146851 0.027875904 0.999417663 -0.019677550 -2.650303364 -0.994121611 0.025657183 -0.105185449 87.925720215
-0.096512109 0.023210268 0.995061159 46.661956787 0.027467541 0.999409437 -0.020647587 -2.671519041 -0.994952738 0.025339140 -0.097092643 87.869728088
-0.085373849 0.023154894 0.996079922 47.242042542 0.026232880 0.999435484 -0.020984486 -2.695408344 -0.996003568 0.024338519 -0.085933089 87.832077026
-0.071815334 0.023407776 0.997143269 47.796920776 0.025446074 0.999442160 -0.021629086 -2.719262123 -0.997093320 0.023820080 -0.072370917 87.802886963
-0.054873936 0.024441419 0.998194158 48.330806732 0.024528507 0.999431551 -0.023123311 -2.745048761 -0.998191953 0.023215344 -0.055442255 87.789588928
-0.033872407 0.026939610 0.999063075 48.870967865 0.022314377 0.999407828 -0.026192358 -2.773294687 -0.999177039 0.021406272 -0.034453504 87.787712097
-0.009149928 0.029952833 0.999509454 49.395526886 0.019914573 0.999358475 -0.029766005 -2.797979355 -0.999759853 0.019632444 -0.009740554 87.800750732
0.019044489 0.031614803 0.999318719 49.909175873 0.018209884 0.999323130 -0.031961985 -2.821333408 -0.999652803 0.018806174 0.018455893 87.833976746
0.051864278 0.031297747 0.998163581 50.423156738 0.015820727 0.999357581 -0.032157224 -2.840388775 -0.998528838 0.017459484 0.051335808 87.886833191
0.091211766 0.028833605 0.995414019 50.925064087 0.014676098 0.999433219 -0.030294830 -2.862377644 -0.995723307 0.017372040 0.090736903 87.935905457
0.133304209 0.025171915 0.990755439 51.431404114 0.013030748 0.999546468 -0.027148528 -2.884998322 -0.990989447 0.016529297 0.132915765 88.023010254
0.178859681 0.020898448 0.983652592 51.917945862 0.010189718 0.999681413 -0.023091808 -2.906288624 -0.983821809 0.014153336 0.178589761 88.135444641
0.227700770 0.017799262 0.973568380 52.404403687 0.005742340 0.999790967 -0.019621707 -2.922688723 -0.973714173 0.010058439 0.227550924 88.274429321
0.279593170 0.016080569 0.959983885 52.869579315 0.001798306 0.999849260 -0.017272100 -2.943468571 -0.960116804 0.006555508 0.279522061 88.441146851
0.334274411 0.016018823 0.942339599 53.322525024 0.000332266 0.999853551 -0.017114360 -2.957761765 -0.942475736 0.006034000 0.334220111 88.638290405
0.389486581 0.016376443 0.920886576 53.754016876 0.002608437 0.999818265 -0.018883346 -2.977485180 -0.921028614 0.009756882 0.389373004 88.879920959
0.450070441 0.018823678 0.892794669 54.168548584 0.003784051 0.999728620 -0.022985868 -3.002645969 -0.892985046 0.013723639 0.449877053 89.115058899
0.510160685 0.021562815 0.859808803 54.569782257 0.005163279 0.999590874 -0.028131953 -3.024221420 -0.860063553 0.018791251 0.509840727 89.383300781
0.569065571 0.026341472 0.821870089 54.932220459 0.001199914 0.999459088 -0.032864146 -3.030843019 -0.822291255 0.019688025 0.568726182 89.672180176
0.622338295 0.029934384 0.782175958 55.245502472 -0.003666651 0.999368966 -0.035329133 -3.041270018 -0.782739758 0.019118711 0.622055173 90.012329102
0.675893664 0.030186027 0.736380696 55.572959900 -0.005252983 0.999332726 -0.036143571 -3.064471960 -0.736980438 0.020561019 0.675601184 90.353073120
0.725630283 0.027754908 0.687524915 55.878326416 -0.005434915 0.999386132 -0.034608401 -3.087134361 -0.688063264 0.021376265 0.725335598 90.710388184
0.770595074 0.025574163 0.636811674 56.127601624 -0.008112567 0.999507189 -0.030323021 -3.092950583 -0.637273312 0.018200599 0.770422816 91.082984924
0.812532663 0.021012872 0.582536817 56.379840851 -0.008869933 0.999680042 -0.023687836 -3.101922035 -0.582848072 0.014080085 0.812458992 91.478523254
0.847945392 0.018717667 0.529753149 56.580772400 -0.011271983 0.999787092 -0.017282870 -3.111281872 -0.529963732 0.008683559 0.847975791 91.902374268
0.879281521 0.015870228 0.476038158 56.768802643 -0.012392526 0.999868691 -0.010443761 -3.116372585 -0.476141274 0.003283691 0.879362643 92.334342957
0.905039310 0.017021501 0.424987435 56.934803009 -0.016456861 0.999852061 -0.004999867 -3.126996040 -0.425009489 -0.002468881 0.905185461 92.774917603
0.925001740 0.018995719 0.379487872 57.064968109 -0.020124264 0.999796987 -0.000993138 -3.141612053 -0.379429579 -0.006718256 0.925196111 93.215545654
0.939978123 0.024678567 0.340341479 57.171028137 -0.026962075 0.999634504 0.001980973 -3.152062416 -0.340167999 -0.011038381 0.940299749 93.664001465
0.951698661 0.028942093 0.305666775 57.274765015 -0.030793909 0.999524951 0.001237204 -3.155542135 -0.305485636 -0.010590117 0.952137768 94.116737366
0.961029708 0.030173682 0.274793029 57.388832092 -0.032001175 0.999485493 0.002168670 -3.167747021 -0.274586171 -0.010877857 0.961501062 94.558761597
0.967107534 0.025559600 0.253080130 57.499252319 -0.026920045 0.999635816 0.001913625 -3.170409441 -0.252939075 -0.008663615 0.967443407 95.030364990
0.971073270 0.022363212 0.237731755 57.602218628 -0.023737239 0.999713957 0.002918357 -3.180386305 -0.237598523 -0.008477035 0.971326470 95.514816284
0.973965585 0.027200703 0.225058064 57.699272156 -0.028483892 0.999591231 0.002456028 -3.181781292 -0.224899277 -0.008802619 0.974342227 96.013801575
0.975979030 0.032674663 0.215399742 57.791309357 -0.034116231 0.999413431 0.002976950 -3.180799007 -0.215176120 -0.010254070 0.976521373 96.519226074
0.976843297 0.040852819 0.210019127 57.875339508 -0.042089675 0.999112725 0.001421035 -3.180107832 -0.209774762 -0.010227766 0.977696180 97.029266357
0.977168679 0.046611890 0.207288429 57.969055176 -0.047231916 0.998882055 -0.001959695 -3.187173843 -0.207148060 -0.007875679 0.978277862 97.546340942
0.977311790 0.048017584 0.206290677 58.078102112 -0.048220295 0.998828471 -0.004048017 -3.201809168 -0.206243366 -0.005991224 0.978482366 98.072166443
0.977207243 0.044656120 0.207537562 58.220817566 -0.044042666 0.999000967 -0.007577844 -3.203116894 -0.207668602 -0.001735384 0.978197694 98.568977356
0.976468205 0.043570645 0.211213708 58.345367432 -0.041485574 0.999036789 -0.014295121 -3.207478523 -0.211633101 0.005196410 0.977335393 99.115798950
0.975510180 0.044116486 0.215484768 58.467819214 -0.040971123 0.998978794 -0.019043967 -3.214164019 -0.216104880 0.009748930 0.976321459 99.673843384
0.974207699 0.048756756 0.220322862 58.584442139 -0.045749798 0.998777211 -0.018733099 -3.225483894 -0.220966816 0.008170204 0.975247085 100.254882812
0.972784996 0.051937830 0.225813538 58.714668274 -0.049842160 0.998644769 -0.014975751 -3.235368252 -0.226285338 0.003313149 0.974055409 100.846481323
0.971953094 0.048478432 0.230124325 58.865364075 -0.047459271 0.998823464 -0.009965141 -3.250625610 -0.230336696 -0.001235882 0.973110139 101.437408447
0.971246481 0.044247113 0.233927906 59.017639160 -0.044469625 0.999001443 -0.004325932 -3.262730837 -0.233885720 -0.006201138 0.972244322 102.051689148
0.970394313 0.041771874 0.237886444 59.170372009 -0.043099239 0.999070764 0.000379235 -3.272777557 -0.237649515 -0.010620733 0.971292853 102.679695129
0.969922304 0.036815528 0.240614489 59.332817078 -0.038192872 0.999269843 0.001061765 -3.280852079 -0.240399688 -0.010219585 0.970620215 103.311042786
0.969897628 0.033545580 0.241191119 59.490913391 -0.034020226 0.999418795 -0.002197174 -3.286417484 -0.241124615 -0.006074343 0.970475137 103.954864502
0.970056355 0.033208463 0.240598798 59.656478882 -0.031900592 0.999447525 -0.009329807 -3.292533398 -0.240775734 0.001375195 0.970579803 104.594772339
0.970190406 0.035465565 0.239734560 59.813674927 -0.032596257 0.999341786 -0.015924450 -3.302298069 -0.240141526 0.007635299 0.970707953 105.253524780
0.970743179 0.038445391 0.237022638 59.970855713 -0.034687065 0.999198020 -0.020007886 -3.307616234 -0.237601742 0.011200894 0.971298099 105.931198120
0.971306026 0.036964931 0.234942764 60.130012512 -0.034219962 0.999290168 -0.015751207 -3.317162037 -0.235358223 0.007259510 0.971881568 106.626739502
0.971851289 0.032484695 0.233344674 60.307472229 -0.031563587 0.999472201 -0.007681509 -3.335746288 -0.233471036 0.000100090 0.972363710 107.319488525
0.972443581 0.032868866 0.230809867 60.475036621 -0.033334982 0.999442458 -0.001881001 -3.349046469 -0.230743036 -0.005864875 0.972996950 108.041687012
0.972707272 0.036184497 0.229197204 60.632064819 -0.036628343 0.999326229 -0.002318817 -3.364238739 -0.229126707 -0.006139584 0.973377228 108.766632080
0.972994626 0.042184815 0.226940319 60.792472839 -0.041631278 0.999106884 -0.007227106 -3.368679285 -0.227042481 -0.002415881 0.973881841 109.494789124
0.973885536 0.042889908 0.222951710 60.956634521 -0.041125879 0.999075115 -0.012551342 -3.377828598 -0.223283812 0.003054484 0.974748731 110.231483459
0.974786818 0.041532997 0.219238922 61.122100830 -0.039099712 0.999116182 -0.015427937 -3.391698599 -0.219685882 0.006466772 0.975549161 110.986465454
0.975730300 0.039548613 0.215374663 61.288536072 -0.037459984 0.999203146 -0.013772559 -3.406513691 -0.215747729 0.005370374 0.976434290 111.759170532
0.976620793 0.035831463 0.211962178 61.459465027 -0.034087449 0.999348223 -0.011877546 -3.421411991 -0.212249592 0.004374608 0.977205575 112.538757324
0.977019072 0.034492530 0.210342735 61.624916077 -0.033365205 0.999403536 -0.008906973 -3.438501358 -0.210524470 0.001684154 0.977587044 113.323410034
0.977342904 0.031107154 0.209363908 61.793041229 -0.030391566 0.999516010 -0.006634937 -3.447999477 -0.209468961 0.000121712 0.977815211 114.124938965
0.977609098 0.026099375 0.208804011 61.967365265 -0.025541082 0.999659359 -0.005370004 -3.460448742 -0.208873019 -0.000083316 0.977942765 114.919883728
0.977737248 0.026820162 0.208111599 62.138641357 -0.026631055 0.999638438 -0.003710921 -3.474238634 -0.208135858 -0.001913927 0.978097975 115.727020264
0.977478445 0.032047573 0.208587602 62.302600861 -0.031524923 0.999485910 -0.005830478 -3.482424736 -0.208667234 -0.000876541 0.977986276 116.544754028
0.977168262 0.038052984 0.209030792 62.466785431 -0.036957506 0.999274969 -0.009145461 -3.495682240 -0.209227219 0.001211398 0.977866232 117.361282349
0.976587951 0.046797831 0.209966198 62.627204895 -0.045537516 0.998903871 -0.010835735 -3.505059719 -0.210243121 0.001020709 0.977648616 118.195007324
0.975693464 0.052311063 0.212804392 62.794624329 -0.051346611 0.998630166 -0.010060190 -3.525398016 -0.213039160 -0.001111123 0.977043033 119.001365662
0.974901557 0.054986838 0.215739608 62.966758728 -0.054517869 0.998479724 -0.008128755 -3.541385651 -0.215858623 -0.003836929 0.976417065 119.836219788
0.974303067 0.055593476 0.218272462 63.148208618 -0.054964781 0.998448074 -0.008955990 -3.558462858 -0.218431607 -0.003271449 0.975846708 120.667366028
0.973948359 0.054274183 0.220179215 63.328804016 -0.052923713 0.998526037 -0.012032121 -3.570168734 -0.220507696 0.000065966 0.975385249 121.501411438
0.974012434 0.047947302 0.221360818 63.531250000 -0.046798382 0.998849750 -0.010435206 -3.591776609 -0.221606582 -0.000195307 0.975136101 122.332618713
0.974215388 0.041400429 0.221788883 63.722724915 -0.039766539 0.999138832 -0.011829317 -3.612405300 -0.222087681 0.002704526 0.975022912 123.165008545
0.973994315 0.040649816 0.222895846 63.912784576 -0.038956780 0.999168992 -0.011989260 -3.632329941 -0.223197997 0.002994168 0.974768519 123.992034912
0.973439753 0.043239117 0.224822730 64.099487305 -0.042247992 0.999064505 -0.009219680 -3.648053646 -0.225011081 -0.000523506 0.974356055 124.834548950
0.973015904 0.045270722 0.226253852 64.284957886 -0.045675699 0.998950422 -0.003447577 -3.665633917 -0.226172447 -0.006979757 0.974062264 125.661911011
0.972582757 0.049010914 0.227333739 64.463508606 -0.050472580 0.998725235 0.000617299 -3.682267904 -0.227013677 -0.012074494 0.973816752 126.489631653
0.972373009 0.048185397 0.228405148 64.650558472 -0.048169911 0.998823345 -0.005645972 -3.702115774 -0.228408411 -0.005512265 0.973549843 127.310821533
0.972674072 0.044030804 0.227961287 64.845924377 -0.040550444 0.998978853 -0.019930851 -3.722108364 -0.228606030 0.010142290 0.973466218 128.118011475
